.venv/bin/python3 main.py kroA100.tsp 80
=== Heuristique ===
Glouton: cout=28482.665 (metro=26943.891, marche=1538.774) temps=0.007s
Solution gloutonne: [0, 25, 65, 15, 87, 17, 23, 98, 96, 74, 18, 89, 83, 35, 58, 79, 55, 7, 91, 62, 20, 10, 88, 46, 90, 44, 66, 57, 22, 59, 53, 63, 68, 60, 50, 56, 19, 61, 1, 43, 72, 67, 8, 54, 26, 81, 38, 28, 45, 42, 12, 36, 95, 77, 47, 13, 70, 92, 29, 52, 78, 3, 94, 69, 80, 31, 48, 76, 41, 34, 33, 49, 93, 84, 71, 86, 9, 2, 11, 99]
=== Métaheuristique ===
Descente: cout=21391.002 (metro=17733.361, marche=3657.641) temps=0.679s
Solution descente: [0, 92, 65, 37, 87, 17, 23, 98, 96, 24, 39, 89, 80, 79, 58, 5, 55, 7, 91, 30, 51, 10, 88, 46, 3, 15, 99, 57, 22, 59, 12, 63, 68, 32, 35, 48, 14, 1, 82, 43, 85, 67, 8, 6, 19, 27, 38, 77, 45, 72, 44, 36, 54, 73, 47, 4, 70, 26, 56, 52, 78, 21, 53, 69, 2, 31, 60, 13, 41, 90, 64, 49, 76, 84, 71, 11, 9, 20, 97, 33]
=== PuLP (formulation compacte) ===
Statut: Optimal
PuLP: cout=20157.461 (metro=16480.576, marche=3676.885) temps=19.631s
Solution PuLP: [0, 1, 2, 3, 4, 5, 6, 7, 9, 10, 11, 12, 13, 14, 15, 16, 17, 19, 20, 21, 22, 23, 24, 26, 27, 28, 29, 30, 31, 32, 33, 35, 36, 37, 38, 39, 41, 43, 45, 47, 48, 49, 52, 53, 54, 55, 56, 57, 59, 60, 61, 62, 63, 64, 65, 67, 68, 69, 70, 71, 72, 73, 77, 78, 79, 80, 81, 82, 83, 85, 87, 88, 90, 91, 92, 94, 95, 96, 97, 99]
