.venv/bin/python3 main.py kroA100.tsp 50
=== Heuristique ===
Glouton: cout=27507.798 (metro=19679.575, marche=7828.223) temps=0.001s
Solution gloutonne: [0, 64, 65, 69, 87, 78, 23, 37, 98, 96, 74, 48, 89, 9, 71, 58, 79, 41, 91, 62, 46, 10, 66, 27, 92, 97, 44, 57, 60, 76, 61, 1, 63, 68, 80, 50, 8, 11, 26, 81, 49, 84, 33, 42, 12, 36, 95, 29, 47, 13]
=== Métaheuristique ===
Descente: cout=21590.972 (metro=13419.794, marche=8171.178) temps=0.524s
Solution descente: [0, 96, 85, 69, 83, 78, 71, 37, 22, 94, 31, 20, 7, 77, 2, 4, 79, 55, 91, 90, 41, 10, 80, 45, 92, 64, 62, 57, 60, 59, 61, 99, 63, 68, 11, 43, 13, 17, 21, 81, 49, 70, 15, 82, 12, 5, 95, 6, 47, 52]
=== PuLP (formulation compacte) ===
Statut: Optimal
PuLP: cout=21373.603 (metro=13650.733, marche=7722.870) temps=79.019s
Solution PuLP: [0, 2, 3, 5, 6, 7, 10, 12, 13, 15, 17, 19, 22, 24, 27, 31, 36, 37, 41, 43, 45, 47, 52, 55, 57, 59, 60, 61, 62, 63, 64, 65, 67, 69, 70, 71, 72, 73, 78, 79, 81, 82, 83, 85, 90, 91, 94, 95, 96, 99]
